55,10,1, 55 55 55 55 55 55 02 02 55 55 55 55 55 55 55 
55 55 55 55 20 55 56 02 02 55 55 55 55 55 55 55
55 55 55 56 02 02 02 02 02 55 55 55 55 55 55 55
55 55 56 02 02 02 02 02 02 55 55 55 55 55 55 55
55 56 02 02 02 02 02 02 02 54 55 55 55 55 55 55
02 02 02 02 02 02 02 02 02 02 02 02 02 02 02 02
39 40 02 02 02 02 02 02 02 02 02 02 02 02 39 39
55 55 02 02 02 02 02 02 02 02 02 02 02 02 55 55
55 55 02 02 02 02 02 02 02 02 02 02 02 02 55 55
55 55 55 55 55 55 55 55 55 55 55 55 55 55 55 55
55 55 55 55 55 55 55 55 55 55 55 55 55 55 55 55
